DATE[day/month/year hour:min],t[days],JDfrom0,JD,Qtot[m3/s],Vsup/Dt[m3/s],Vsub/Dt[m3/s],Vchannel[m3],Qoutlandsup[m3/s],Qoutlandsub[m3/s],Qoutbottom[m3/s]
01/06/2000 12:01,0.000694,730638.500694,152.500694,0.000000e+00,0.000000e+00,0.000000e+00,0.000000e+00,3.745947e-07,2.094886e-05,0.000000e+00
01/06/2000 12:02,0.001389,730638.501389,152.501389,0.000000e+00,0.000000e+00,0.000000e+00,0.000000e+00,4.409239e-06,2.003712e-05,0.000000e+00
01/06/2000 12:03,0.002083,730638.502083,152.502083,0.000000e+00,0.000000e+00,0.000000e+00,0.000000e+00,1.167349e-05,2.015553e-05,0.000000e+00
01/06/2000 12:04,0.002778,730638.502778,152.502778,0.000000e+00,0.000000e+00,0.000000e+00,0.000000e+00,1.872060e-05,2.033269e-05,0.000000e+00
01/06/2000 12:05,0.003472,730638.503472,152.503472,0.000000e+00,0.000000e+00,0.000000e+00,0.000000e+00,2.394991e-05,2.045806e-05,0.000000e+00
01/06/2000 12:06,0.004167,730638.504167,152.504167,0.000000e+00,0.000000e+00,0.000000e+00,0.000000e+00,3.303000e-05,2.058727e-05,0.000000e+00
01/06/2000 12:07,0.004861,730638.504861,152.504861,0.000000e+00,0.000000e+00,0.000000e+00,0.000000e+00,4.526434e-05,2.072295e-05,0.000000e+00
01/06/2000 12:08,0.005556,730638.505556,152.505556,0.000000e+00,0.000000e+00,0.000000e+00,0.000000e+00,5.450519e-05,2.081695e-05,0.000000e+00
01/06/2000 12:09,0.006250,730638.506250,152.506250,0.000000e+00,0.000000e+00,0.000000e+00,0.000000e+00,6.046564e-05,2.088343e-05,0.000000e+00
01/06/2000 12:10,0.006944,730638.506944,152.506944,0.000000e+00,0.000000e+00,0.000000e+00,0.000000e+00,6.426192e-05,2.093541e-05,0.000000e+00
01/06/2000 12:11,0.007639,730638.507639,152.507639,0.000000e+00,0.000000e+00,0.000000e+00,0.000000e+00,6.742399e-05,2.098634e-05,0.000000e+00
01/06/2000 12:12,0.008333,730638.508333,152.508333,0.000000e+00,0.000000e+00,0.000000e+00,0.000000e+00,7.023281e-05,2.103153e-05,0.000000e+00
01/06/2000 12:13,0.009028,730638.509028,152.509028,0.000000e+00,0.000000e+00,0.000000e+00,0.000000e+00,7.261177e-05,2.107368e-05,0.000000e+00
01/06/2000 12:14,0.009722,730638.509722,152.509722,0.000000e+00,0.000000e+00,0.000000e+00,0.000000e+00,7.476095e-05,2.110919e-05,0.000000e+00
01/06/2000 12:15,0.010417,730638.510417,152.510417,0.000000e+00,0.000000e+00,0.000000e+00,0.000000e+00,7.652031e-05,2.113936e-05,0.000000e+00
01/06/2000 12:16,0.011111,730638.511111,152.511111,0.000000e+00,0.000000e+00,0.000000e+00,0.000000e+00,7.855763e-05,2.117069e-05,0.000000e+00
01/06/2000 12:17,0.011806,730638.511806,152.511806,0.000000e+00,0.000000e+00,0.000000e+00,0.000000e+00,8.032710e-05,2.119890e-05,0.000000e+00
01/06/2000 12:18,0.012500,730638.512500,152.512500,0.000000e+00,0.000000e+00,0.000000e+00,0.000000e+00,8.148891e-05,2.122247e-05,0.000000e+00
01/06/2000 12:19,0.013194,730638.513194,152.513194,0.000000e+00,0.000000e+00,0.000000e+00,0.000000e+00,8.246901e-05,2.124441e-05,0.000000e+00
01/06/2000 12:20,0.013889,730638.513889,152.513889,0.000000e+00,0.000000e+00,0.000000e+00,0.000000e+00,8.355344e-05,2.127139e-05,0.000000e+00
01/06/2000 12:21,0.014583,730638.514583,152.514583,0.000000e+00,0.000000e+00,0.000000e+00,0.000000e+00,8.489058e-05,2.129947e-05,0.000000e+00
01/06/2000 12:22,0.015278,730638.515278,152.515278,0.000000e+00,0.000000e+00,0.000000e+00,0.000000e+00,8.610778e-05,2.132202e-05,0.000000e+00
01/06/2000 12:23,0.015972,730638.515972,152.515972,0.000000e+00,0.000000e+00,0.000000e+00,0.000000e+00,8.737139e-05,2.134287e-05,0.000000e+00
01/06/2000 12:24,0.016667,730638.516667,152.516667,0.000000e+00,0.000000e+00,0.000000e+00,0.000000e+00,8.897202e-05,2.136393e-05,0.000000e+00
01/06/2000 12:25,0.017361,730638.517361,152.517361,0.000000e+00,0.000000e+00,0.000000e+00,0.000000e+00,9.041838e-05,2.138332e-05,0.000000e+00
01/06/2000 12:26,0.018056,730638.518056,152.518056,0.000000e+00,0.000000e+00,0.000000e+00,0.000000e+00,9.153476e-05,2.140050e-05,0.000000e+00
01/06/2000 12:27,0.018750,730638.518750,152.518750,0.000000e+00,0.000000e+00,0.000000e+00,0.000000e+00,9.255288e-05,2.141645e-05,0.000000e+00
01/06/2000 12:28,0.019444,730638.519444,152.519444,0.000000e+00,0.000000e+00,0.000000e+00,0.000000e+00,9.382154e-05,2.143313e-05,0.000000e+00
01/06/2000 12:29,0.020139,730638.520139,152.520139,0.000000e+00,0.000000e+00,0.000000e+00,0.000000e+00,9.539992e-05,2.145037e-05,0.000000e+00
01/06/2000 12:30,0.020833,730638.520833,152.520833,0.000000e+00,0.000000e+00,0.000000e+00,0.000000e+00,9.673799e-05,2.146720e-05,0.000000e+00
01/06/2000 12:31,0.021528,730638.521528,152.521528,0.000000e+00,0.000000e+00,0.000000e+00,0.000000e+00,9.792146e-05,2.148582e-05,0.000000e+00
01/06/2000 12:32,0.022222,730638.522222,152.522222,0.000000e+00,0.000000e+00,0.000000e+00,0.000000e+00,9.938716e-05,2.150821e-05,0.000000e+00
01/06/2000 12:33,0.022917,730638.522917,152.522917,0.000000e+00,0.000000e+00,0.000000e+00,0.000000e+00,1.007608e-04,2.152713e-05,0.000000e+00
01/06/2000 12:34,0.023611,730638.523611,152.523611,0.000000e+00,0.000000e+00,0.000000e+00,0.000000e+00,1.018880e-04,2.154170e-05,0.000000e+00
01/06/2000 12:35,0.024306,730638.524306,152.524306,0.000000e+00,0.000000e+00,0.000000e+00,0.000000e+00,1.029719e-04,2.155375e-05,0.000000e+00
01/06/2000 12:36,0.025000,730638.525000,152.525000,0.000000e+00,0.000000e+00,0.000000e+00,0.000000e+00,1.041648e-04,2.156494e-05,0.000000e+00
01/06/2000 12:37,0.025694,730638.525694,152.525694,0.000000e+00,0.000000e+00,0.000000e+00,0.000000e+00,1.075623e-04,2.157703e-05,0.000000e+00
01/06/2000 12:38,0.026389,730638.526389,152.526389,0.000000e+00,0.000000e+00,0.000000e+00,0.000000e+00,1.312230e-04,2.159134e-05,0.000000e+00
01/06/2000 12:39,0.027083,730638.527083,152.527083,0.000000e+00,0.000000e+00,0.000000e+00,0.000000e+00,1.829234e-04,2.160797e-05,0.000000e+00
01/06/2000 12:40,0.027778,730638.527778,152.527778,0.000000e+00,0.000000e+00,0.000000e+00,0.000000e+00,2.437712e-04,2.162553e-05,0.000000e+00
01/06/2000 12:41,0.028472,730638.528472,152.528472,0.000000e+00,0.000000e+00,0.000000e+00,0.000000e+00,3.030392e-04,2.164355e-05,0.000000e+00
01/06/2000 12:42,0.029167,730638.529167,152.529167,0.000000e+00,0.000000e+00,0.000000e+00,0.000000e+00,3.656776e-04,2.166233e-05,0.000000e+00
01/06/2000 12:43,0.029861,730638.529861,152.529861,0.000000e+00,0.000000e+00,0.000000e+00,0.000000e+00,4.192229e-04,2.167964e-05,0.000000e+00
01/06/2000 12:44,0.030556,730638.530556,152.530556,0.000000e+00,0.000000e+00,0.000000e+00,0.000000e+00,4.614270e-04,2.169464e-05,0.000000e+00
01/06/2000 12:45,0.031250,730638.531250,152.531250,0.000000e+00,0.000000e+00,0.000000e+00,0.000000e+00,5.014757e-04,2.170860e-05,0.000000e+00
01/06/2000 12:46,0.031944,730638.531944,152.531944,0.000000e+00,0.000000e+00,0.000000e+00,0.000000e+00,5.511660e-04,2.172349e-05,0.000000e+00
01/06/2000 12:47,0.032639,730638.532639,152.532639,0.000000e+00,0.000000e+00,0.000000e+00,0.000000e+00,5.972685e-04,2.174109e-05,0.000000e+00
01/06/2000 12:48,0.033333,730638.533333,152.533333,0.000000e+00,0.000000e+00,0.000000e+00,0.000000e+00,6.291222e-04,2.175779e-05,0.000000e+00
01/06/2000 12:49,0.034028,730638.534028,152.534028,0.000000e+00,0.000000e+00,0.000000e+00,0.000000e+00,6.685209e-04,2.177195e-05,0.000000e+00
01/06/2000 12:50,0.034722,730638.534722,152.534722,0.000000e+00,0.000000e+00,0.000000e+00,0.000000e+00,7.146507e-04,2.178419e-05,0.000000e+00
01/06/2000 12:51,0.035417,730638.535417,152.535417,0.000000e+00,0.000000e+00,0.000000e+00,0.000000e+00,6.981337e-04,2.177625e-05,0.000000e+00
01/06/2000 12:52,0.036111,730638.536111,152.536111,0.000000e+00,0.000000e+00,0.000000e+00,0.000000e+00,5.862998e-04,2.161795e-05,0.000000e+00
01/06/2000 12:53,0.036806,730638.536806,152.536806,0.000000e+00,0.000000e+00,0.000000e+00,0.000000e+00,5.212626e-04,2.130235e-05,0.000000e+00
01/06/2000 12:54,0.037500,730638.537500,152.537500,0.000000e+00,0.000000e+00,0.000000e+00,0.000000e+00,4.653501e-04,2.107812e-05,0.000000e+00
01/06/2000 12:55,0.038194,730638.538194,152.538194,0.000000e+00,0.000000e+00,0.000000e+00,0.000000e+00,4.341285e-04,2.093612e-05,0.000000e+00
01/06/2000 12:56,0.038889,730638.538889,152.538889,0.000000e+00,0.000000e+00,0.000000e+00,0.000000e+00,3.941263e-04,2.083823e-05,0.000000e+00
01/06/2000 12:57,0.039583,730638.539583,152.539583,0.000000e+00,0.000000e+00,0.000000e+00,0.000000e+00,3.633649e-04,2.076833e-05,0.000000e+00
01/06/2000 12:58,0.040278,730638.540278,152.540278,0.000000e+00,0.000000e+00,0.000000e+00,0.000000e+00,3.371164e-04,2.071697e-05,0.000000e+00
01/06/2000 12:59,0.040972,730638.540972,152.540972,0.000000e+00,0.000000e+00,0.000000e+00,0.000000e+00,3.089752e-04,2.067684e-05,0.000000e+00
01/06/2000 13:00,0.041667,730638.541667,152.541667,0.000000e+00,0.000000e+00,0.000000e+00,0.000000e+00,2.863588e-04,2.064503e-05,0.000000e+00
01/06/2000 13:01,0.042361,730638.542361,152.542361,0.000000e+00,0.000000e+00,0.000000e+00,0.000000e+00,2.745139e-04,2.062052e-05,0.000000e+00
01/06/2000 13:02,0.043056,730638.543056,152.543056,0.000000e+00,0.000000e+00,0.000000e+00,0.000000e+00,2.563995e-04,2.059952e-05,0.000000e+00
01/06/2000 13:03,0.043750,730638.543750,152.543750,0.000000e+00,0.000000e+00,0.000000e+00,0.000000e+00,2.331253e-04,2.057959e-05,0.000000e+00
01/06/2000 13:04,0.044444,730638.544444,152.544444,0.000000e+00,0.000000e+00,0.000000e+00,0.000000e+00,2.092821e-04,2.056074e-05,0.000000e+00
01/06/2000 13:05,0.045139,730638.545139,152.545139,0.000000e+00,0.000000e+00,0.000000e+00,0.000000e+00,1.864049e-04,2.054253e-05,0.000000e+00
01/06/2000 13:06,0.045833,730638.545833,152.545833,0.000000e+00,0.000000e+00,0.000000e+00,0.000000e+00,1.685009e-04,2.052585e-05,0.000000e+00
01/06/2000 13:07,0.046528,730638.546528,152.546528,0.000000e+00,0.000000e+00,0.000000e+00,0.000000e+00,1.564275e-04,2.051156e-05,0.000000e+00
01/06/2000 13:08,0.047222,730638.547222,152.547222,0.000000e+00,0.000000e+00,0.000000e+00,0.000000e+00,1.455130e-04,2.049849e-05,0.000000e+00
01/06/2000 13:09,0.047917,730638.547917,152.547917,0.000000e+00,0.000000e+00,0.000000e+00,0.000000e+00,1.365788e-04,2.048690e-05,0.000000e+00
01/06/2000 13:10,0.048611,730638.548611,152.548611,0.000000e+00,0.000000e+00,0.000000e+00,0.000000e+00,1.256054e-04,2.047472e-05,0.000000e+00
01/06/2000 13:11,0.049306,730638.549306,152.549306,0.000000e+00,0.000000e+00,0.000000e+00,0.000000e+00,1.168261e-04,2.046336e-05,0.000000e+00
01/06/2000 13:12,0.050000,730638.550000,152.550000,0.000000e+00,0.000000e+00,0.000000e+00,0.000000e+00,1.035083e-04,2.044993e-05,0.000000e+00
01/06/2000 13:13,0.050694,730638.550694,152.550694,0.000000e+00,0.000000e+00,0.000000e+00,0.000000e+00,9.052162e-05,2.043488e-05,0.000000e+00
01/06/2000 13:14,0.051389,730638.551389,152.551389,0.000000e+00,0.000000e+00,0.000000e+00,0.000000e+00,7.953777e-05,2.041952e-05,0.000000e+00
01/06/2000 13:15,0.052083,730638.552083,152.552083,0.000000e+00,0.000000e+00,0.000000e+00,0.000000e+00,7.235524e-05,2.040573e-05,0.000000e+00
01/06/2000 13:16,0.052778,730638.552778,152.552778,0.000000e+00,0.000000e+00,0.000000e+00,0.000000e+00,6.703124e-05,2.039394e-05,0.000000e+00
01/06/2000 13:17,0.053472,730638.553472,152.553472,0.000000e+00,0.000000e+00,0.000000e+00,0.000000e+00,6.022155e-05,2.038113e-05,0.000000e+00
01/06/2000 13:18,0.054167,730638.554167,152.554167,0.000000e+00,0.000000e+00,0.000000e+00,0.000000e+00,5.132252e-05,2.036477e-05,0.000000e+00
01/06/2000 13:19,0.054861,730638.554861,152.554861,0.000000e+00,0.000000e+00,0.000000e+00,0.000000e+00,4.295361e-05,2.034613e-05,0.000000e+00
01/06/2000 13:20,0.055556,730638.555556,152.555556,0.000000e+00,0.000000e+00,0.000000e+00,0.000000e+00,3.670548e-05,2.032746e-05,0.000000e+00
01/06/2000 13:21,0.056250,730638.556250,152.556250,0.000000e+00,0.000000e+00,0.000000e+00,0.000000e+00,3.178870e-05,2.030986e-05,0.000000e+00
01/06/2000 13:22,0.056944,730638.556944,152.556944,0.000000e+00,0.000000e+00,0.000000e+00,0.000000e+00,2.585453e-05,2.028841e-05,0.000000e+00
01/06/2000 13:23,0.057639,730638.557639,152.557639,0.000000e+00,0.000000e+00,0.000000e+00,0.000000e+00,2.010864e-05,2.026251e-05,0.000000e+00
01/06/2000 13:24,0.058333,730638.558333,152.558333,0.000000e+00,0.000000e+00,0.000000e+00,0.000000e+00,1.491687e-05,2.023167e-05,0.000000e+00
01/06/2000 13:25,0.059028,730638.559028,152.559028,0.000000e+00,0.000000e+00,0.000000e+00,0.000000e+00,1.070510e-05,2.019704e-05,0.000000e+00
01/06/2000 13:26,0.059722,730638.559722,152.559722,0.000000e+00,0.000000e+00,0.000000e+00,0.000000e+00,7.506246e-06,2.016022e-05,0.000000e+00
01/06/2000 13:27,0.060417,730638.560417,152.560417,0.000000e+00,0.000000e+00,0.000000e+00,0.000000e+00,5.165399e-06,2.012281e-05,0.000000e+00
01/06/2000 13:28,0.061111,730638.561111,152.561111,0.000000e+00,0.000000e+00,0.000000e+00,0.000000e+00,3.495574e-06,2.008639e-05,0.000000e+00
01/06/2000 13:29,0.061806,730638.561806,152.561806,0.000000e+00,0.000000e+00,0.000000e+00,0.000000e+00,2.722643e-06,2.005662e-05,0.000000e+00
01/06/2000 13:30,0.062500,730638.562500,152.562500,0.000000e+00,0.000000e+00,0.000000e+00,0.000000e+00,2.721268e-06,2.003939e-05,0.000000e+00
01/06/2000 13:31,0.063194,730638.563194,152.563194,0.000000e+00,0.000000e+00,0.000000e+00,0.000000e+00,1.789970e-06,2.001750e-05,0.000000e+00
01/06/2000 13:32,0.063889,730638.563889,152.563889,0.000000e+00,0.000000e+00,0.000000e+00,0.000000e+00,4.069076e-07,1.983661e-05,0.000000e+00
01/06/2000 13:33,0.064583,730638.564583,152.564583,0.000000e+00,0.000000e+00,0.000000e+00,0.000000e+00,3.369060e-08,1.899384e-05,0.000000e+00
01/06/2000 13:34,0.065278,730638.565278,152.565278,0.000000e+00,0.000000e+00,0.000000e+00,0.000000e+00,5.851579e-10,1.845770e-05,0.000000e+00
01/06/2000 13:35,0.065972,730638.565972,152.565972,0.000000e+00,0.000000e+00,0.000000e+00,0.000000e+00,2.509433e-13,1.808347e-05,0.000000e+00
01/06/2000 13:36,0.066667,730638.566667,152.566667,0.000000e+00,0.000000e+00,0.000000e+00,0.000000e+00,0.000000e+00,1.781958e-05,0.000000e+00
01/06/2000 13:37,0.067361,730638.567361,152.567361,0.000000e+00,0.000000e+00,0.000000e+00,0.000000e+00,0.000000e+00,1.765336e-05,0.000000e+00
01/06/2000 13:38,0.068056,730638.568056,152.568056,0.000000e+00,0.000000e+00,0.000000e+00,0.000000e+00,0.000000e+00,1.753527e-05,0.000000e+00
01/06/2000 13:39,0.068750,730638.568750,152.568750,0.000000e+00,0.000000e+00,0.000000e+00,0.000000e+00,0.000000e+00,1.743975e-05,0.000000e+00
01/06/2000 13:40,0.069444,730638.569444,152.569444,0.000000e+00,0.000000e+00,0.000000e+00,0.000000e+00,0.000000e+00,1.735545e-05,0.000000e+00
01/06/2000 13:41,0.070139,730638.570139,152.570139,0.000000e+00,0.000000e+00,0.000000e+00,0.000000e+00,0.000000e+00,1.727499e-05,0.000000e+00
01/06/2000 13:42,0.070833,730638.570833,152.570833,0.000000e+00,0.000000e+00,0.000000e+00,0.000000e+00,0.000000e+00,1.719359e-05,0.000000e+00
01/06/2000 13:43,0.071528,730638.571528,152.571528,0.000000e+00,0.000000e+00,0.000000e+00,0.000000e+00,0.000000e+00,1.710648e-05,0.000000e+00
01/06/2000 13:44,0.072222,730638.572222,152.572222,0.000000e+00,0.000000e+00,0.000000e+00,0.000000e+00,0.000000e+00,1.701691e-05,0.000000e+00
01/06/2000 13:45,0.072917,730638.572917,152.572917,0.000000e+00,0.000000e+00,0.000000e+00,0.000000e+00,0.000000e+00,1.693793e-05,0.000000e+00
01/06/2000 13:46,0.073611,730638.573611,152.573611,0.000000e+00,0.000000e+00,0.000000e+00,0.000000e+00,0.000000e+00,1.686623e-05,0.000000e+00
01/06/2000 13:47,0.074306,730638.574306,152.574306,0.000000e+00,0.000000e+00,0.000000e+00,0.000000e+00,0.000000e+00,1.680358e-05,0.000000e+00
01/06/2000 13:48,0.075000,730638.575000,152.575000,0.000000e+00,0.000000e+00,0.000000e+00,0.000000e+00,0.000000e+00,1.674975e-05,0.000000e+00
01/06/2000 13:49,0.075694,730638.575694,152.575694,0.000000e+00,0.000000e+00,0.000000e+00,0.000000e+00,0.000000e+00,1.670278e-05,0.000000e+00
01/06/2000 13:50,0.076389,730638.576389,152.576389,0.000000e+00,0.000000e+00,0.000000e+00,0.000000e+00,0.000000e+00,1.666102e-05,0.000000e+00
01/06/2000 13:51,0.077083,730638.577083,152.577083,0.000000e+00,0.000000e+00,0.000000e+00,0.000000e+00,0.000000e+00,1.662326e-05,0.000000e+00
01/06/2000 13:52,0.077778,730638.577778,152.577778,0.000000e+00,0.000000e+00,0.000000e+00,0.000000e+00,0.000000e+00,1.658871e-05,0.000000e+00
01/06/2000 13:53,0.078472,730638.578472,152.578472,0.000000e+00,0.000000e+00,0.000000e+00,0.000000e+00,0.000000e+00,1.655678e-05,0.000000e+00
01/06/2000 13:54,0.079167,730638.579167,152.579167,0.000000e+00,0.000000e+00,0.000000e+00,0.000000e+00,0.000000e+00,1.652703e-05,0.000000e+00
01/06/2000 13:55,0.079861,730638.579861,152.579861,0.000000e+00,0.000000e+00,0.000000e+00,0.000000e+00,0.000000e+00,1.649913e-05,0.000000e+00
01/06/2000 13:56,0.080556,730638.580556,152.580556,0.000000e+00,0.000000e+00,0.000000e+00,0.000000e+00,0.000000e+00,1.647283e-05,0.000000e+00
01/06/2000 13:57,0.081250,730638.581250,152.581250,0.000000e+00,0.000000e+00,0.000000e+00,0.000000e+00,0.000000e+00,1.644791e-05,0.000000e+00
01/06/2000 13:58,0.081944,730638.581944,152.581944,0.000000e+00,0.000000e+00,0.000000e+00,0.000000e+00,0.000000e+00,1.642422e-05,0.000000e+00
01/06/2000 13:59,0.082639,730638.582639,152.582639,0.000000e+00,0.000000e+00,0.000000e+00,0.000000e+00,0.000000e+00,1.640164e-05,0.000000e+00
01/06/2000 14:00,0.083333,730638.583333,152.583333,0.000000e+00,0.000000e+00,0.000000e+00,0.000000e+00,0.000000e+00,1.638006e-05,0.000000e+00
